function solve(A,b=)    
        
    var A=[
[1,1,0,0,0,1,0,0,0,0,0,0,0,0,0,0,0,0,0,0,0,0,0,0,0],
[1,1,1,0,0,0,1,0,0,0,0,0,0,0,0,0,0,0,0,0,0,0,0,0,0],
[0,1,1,1,0,0,0,1,0,0,0,0,0,0,0,0,0,0,0,0,0,0,0,0,0],
[0,0,1,1,1,0,0,0,1,0,0,0,0,0,0,0,0,0,0,0,0,0,0,0,0],
[0,0,0,1,1,0,0,0,0,1,0,0,0,0,0,0,0,0,0,0,0,0,0,0,0],
[1,0,0,0,0,1,1,0,0,0,1,0,0,0,0,0,0,0,0,0,0,0,0,0,0],
[0,1,0,0,0,1,1,1,0,0,0,1,0,0,0,0,0,0,0,0,0,0,0,0,0],
[0,0,1,0,0,0,1,1,1,0,0,0,1,0,0,0,0,0,0,0,0,0,0,0,0],
[0,0,0,1,0,0,0,1,1,1,0,0,0,1,0,0,0,0,0,0,0,0,0,0,0],
[0,0,0,0,1,0,0,0,1,1,0,0,0,0,1,0,0,0,0,0,0,0,0,0,0],
[0,0,0,0,0,1,0,0,0,0,1,1,0,0,0,1,0,0,0,0,0,0,0,0,0],
[0,0,0,0,0,0,1,0,0,0,1,1,1,0,0,0,1,0,0,0,0,0,0,0,0],
[0,0,0,0,0,0,0,1,0,0,0,1,1,1,0,0,0,1,0,0,0,0,0,0,0],
[0,0,0,0,0,0,0,0,1,0,0,0,1,1,1,0,0,0,1,0,0,0,0,0,0],
[0,0,0,0,0,0,0,0,0,1,0,0,0,1,1,0,0,0,0,1,0,0,0,0,0],
[0,0,0,0,0,0,0,0,0,0,1,0,0,0,0,1,1,0,0,0,1,0,0,0,0],
[0,0,0,0,0,0,0,0,0,0,0,1,0,0,0,1,1,1,0,0,0,1,0,0,0],
[0,0,0,0,0,0,0,0,0,0,0,0,1,0,0,0,1,1,1,0,0,0,1,0,0],
[0,0,0,0,0,0,0,0,0,0,0,0,0,1,0,0,0,1,1,1,0,0,0,1,0],
[0,0,0,0,0,0,0,0,0,0,0,0,0,0,1,0,0,0,1,1,0,0,0,0,1],
[0,0,0,0,0,0,0,0,0,0,0,0,0,0,0,1,0,0,0,0,1,1,0,0,0],
[0,0,0,0,0,0,0,0,0,0,0,0,0,0,0,0,1,0,0,0,1,1,1,0,0],
[0,0,0,0,0,0,0,0,0,0,0,0,0,0,0,0,0,1,0,0,0,1,1,1,0],
[0,0,0,0,0,0,0,0,0,0,0,0,0,0,0,0,0,0,1,0,0,0,1,1,1],
[0,0,0,0,0,0,0,0,0,0,0,0,0,0,0,0,0,0,0,1,0,0,0,1,1]];

    var identityMatrix=[
 [1,0,0,0,0,0,0,0,0,0,0,0,0,0,0,0],
 [0,1,0,0,0,0,0,0,0,0,0,0,0,0,0,0],
 [0,0,1,0,0,0,0,0,0,0,0,0,0,0,0,0],
 [0,0,0,1,0,0,0,0,0,0,0,0,0,0,0,0],
 [0,0,0,0,1,0,0,0,0,0,0,0,0,0,0,0],
 [0,0,0,0,0,1,0,0,0,0,0,0,0,0,0,0],
 [0,0,0,0,0,0,1,0,0,0,0,0,0,0,0,0],
 [0,0,0,0,0,0,0,1,0,0,0,0,0,0,0,0],
 [0,0,0,0,0,0,0,0,1,0,0,0,0,0,0,0],
 [0,0,0,0,0,0,0,0,0,1,0,0,0,0,0,0],
 [0,0,0,0,0,0,0,0,0,0,1,0,0,0,0,0],
 [0,0,0,0,0,0,0,0,0,0,0,1,0,0,0,0],
 [0,0,0,0,0,0,0,0,0,0,0,0,1,0,0,0],
 [0,0,0,0,0,0,0,0,0,0,0,0,0,1,0,0],
 [0,0,0,0,0,0,0,0,0,0,0,0,0,0,1,0],
 [0,0,0,0,0,0,0,0,0,0,0,0,0,0,0,1]]    

 var solved=solve(A,b);